eur2usd=1.31774
eur2gbp=0.84306
eur2nok=8.0157
eur2sek=8.7332
eur2chf=1.2357